LATITUDE  = -29.16530765942215
LONGITUDE = -54.89831672609559
ALTURA = 425
UTC = -3
WINDOW_OPENED = '' 
POS_MOTOR_GIRO = 0
POS_MOTOR_ELEVAÇÃO = 0
AZIMUTE = 0 
ALTITUDE = 0 
