LATITUDE  = -29.16530765942215
LONGITUDE = -54.89831672609559
ALTURA = 425
UTC = -3

WINDOW_OPENED = '' 

AZIMUTE = 0 
ALTITUDE = 0 

POS_M1_GIR = 0
POS_M2_ELE = 0

RESOLUÇÃO_M1 = 1.8 
RESOLUÇÃO_M2 = 1.8 

MICRO_PASSO_M1 = 1/16
MICRO_PASSO_M1 = 1/16 

